Server type: ROBUST
Variating number of clients.
(1, 10000, 15) : (381.0, 380.57142857142856, 1823.5714285714287)
(3, 10000, 15) : (386.8235294117647, 386.7647058823529, 13457.21052631579)
(5, 10000, 15) : (577.0869565217391, 576.8695652173913, 2465.962962962963)
(7, 10000, 15) : (396.2903225806452, 396.2258064516129, 2149.8064516129034)
(9, 10000, 15) : (525.060606060606, 525.0, 2122.3823529411766)
(11, 10000, 15) : (489.3863636363636, 489.34090909090907, 2115.8863636363635)
(13, 10000, 15) : (590.7540983606557, 590.7540983606557, 3471.9857142857145)
(15, 10000, 15) : (529.4310344827586, 529.3620689655172, 2963.293103448276)
(17, 10000, 15) : (554.7179487179487, 554.6794871794872, 3518.3291139240505)
(19, 10000, 15) : (588.4268292682926, 588.3780487804878, 5325.53164556962)
(21, 10000, 15) : (542.6792452830189, 542.6415094339623, 8250.346153846154)
(23, 10000, 15) : (592.5806451612904, 592.5806451612904, 7708.204545454545)
(25, 10000, 15) : (428.2352941176471, 428.2352941176471, 8485.130434782608)
(27, 10000, 15) : (517.4444444444445, 517.4305555555555, 6620.633333333333)
(29, 10000, 15) : (516.36, 516.36, 6384.029411764706)
Variating number of elements.
(11, 1000, 15) : (6.107142857142857, 6.089285714285714, 93.10909090909091)
(11, 6000, 15) : (96.33333333333333, 96.29629629629629, 448.0863636363636)
(11, 17000, 15) : (712.2631578947369, 712.2631578947369, 1219.0751355538343)
(11, 8000, 15) : (165.39285714285714, 165.39285714285714, 559.1155778894472)
(11, 9000, 15) : (198.2, 198.1818181818182, 606.858630952381)
(11, 2000, 15) : (17.075, 17.025, 184.504)
(11, 7000, 15) : (129.64705882352942, 129.64705882352942, 503.30232558139534)
(11, 11000, 15) : (293.280701754386, 293.2456140350877, 711.0398069963812)
(11, 13000, 15) : (418.2456140350877, 418.2456140350877, 861.441505595117)
(11, 18000, 15) : (801.6315789473684, 801.6140350877193, 1327.6184210526317)
(11, 4000, 15) : (45.660377358490564, 45.60377358490566, 311.5412186379928)
(11, 3000, 15) : (31.23404255319149, 31.23404255319149, 248.04)
(11, 16000, 15) : (626.9433962264151, 626.9245283018868, 1112.3314049586777)
(11, 15000, 15) : (564.7543859649123, 564.719298245614, 1023.7695690413368)
(11, 14000, 15) : (479.24528301886795, 479.24528301886795, 933.7651515151515)
(11, 5000, 15) : (63.81481481481482, 63.7962962962963, 367.1671469740634)
(11, 12000, 15) : (354.36842105263156, 354.36842105263156, 790.0684326710817)
(11, 10000, 15) : (246.8421052631579, 246.8421052631579, 661.5026595744681)
Variating delta.
(11, 10000, 36) : (525.8837209302326, 525.8255813953489, 4524.270981507823)
(11, 10000, 3) : (466.14925373134326, 466.13432835820896, 4252.883720930233)
(11, 10000, 12) : (493.63492063492066, 493.6190476190476, 3683.5009940357854)
(11, 10000, 6) : (540.1168831168832, 540.077922077922, 3894.5488215488217)
(11, 10000, 0) : (519.9710144927536, 519.9710144927536, 4621.304347826087)
(11, 10000, 18) : (536.472972972973, 536.4594594594595, 3624.6852861035422)
(11, 10000, 24) : (489.9756097560976, 489.9268292682927, 4043.0405405405404)
(11, 10000, 42) : (447.09375, 447.078125, 5215.878692646134)
(11, 10000, 9) : (504.76190476190476, 504.74603174603175, 3744.1045918367345)
(11, 10000, 33) : (498.54545454545456, 498.530303030303, 4376.546448087432)
(11, 10000, 30) : (500.219512195122, 500.1951219512195, 4310.914551607445)
(11, 10000, 48) : (468.0238095238095, 468.0238095238095, 5856.332962138084)
(11, 10000, 27) : (542.7647058823529, 542.7529411764706, 4202.970204841713)
(11, 10000, 21) : (499.7613636363636, 499.75, 3928.804195804196)
(11, 10000, 15) : (540.364705882353, 540.3529411764706, 3657.8958990536275)
(11, 10000, 39) : (503.30434782608694, 503.27536231884056, 4694.898921832884)
(11, 10000, 45) : (454.5238095238095, 454.5238095238095, 5559.5405565423325)

Server type: BLOCKING
Variating number of clients.
(1, 10000, 15) : (464.57142857142856, 459.42857142857144, 1767.7142857142858)
(3, 10000, 15) : (568.0588235294117, 554.0, 1375.2631578947369)
(5, 10000, 15) : (596.0416666666666, 584.7407407407408, 2379.9166666666665)
(7, 10000, 15) : (530.3703703703703, 515.56, 4058.962962962963)
(9, 10000, 15) : (741.75, 540.3076923076923, 4029.733333333333)
(11, 10000, 15) : (618.875, 576.516129032258, 5594.96875)
(13, 10000, 15) : (1011.9166666666666, 528.6739130434783, 8001.785714285715)
(15, 10000, 15) : (569.2340425531914, 532.7647058823529, 6665.941176470588)
(17, 10000, 15) : (607.5, 535.027027027027, 5737.395833333333)
(19, 10000, 15) : (755.8064516129032, 552.8064516129032, 6104.363636363636)
(21, 10000, 15) : (509.04347826086956, 461.1041666666667, 4845.046511627907)
(23, 10000, 15) : (737.3541666666666, 497.6388888888889, 4472.475)
(25, 10000, 15) : (737.7894736842105, 552.1860465116279, 5349.880952380952)
(27, 10000, 15) : (581.7021276595744, 437.47222222222223, 4660.0)
(29, 10000, 15) : (735.8656716417911, 524.5333333333333, 5078.296875)
Variating number of elements.
(11, 15000, 15) : (1305.1379310344828, 566.0714285714286, 926.5962230215828)
(11, 14000, 15) : (985.9545454545455, 487.75, 849.6075581395348)
(11, 3000, 15) : (30.511111111111113, 30.333333333333332, 182.03783783783783)
(11, 5000, 15) : (94.04878048780488, 68.01923076923077, 307.5825825825826)
(11, 13000, 15) : (852.5384615384615, 422.64864864864865, 790.1284974093264)
(11, 17000, 15) : (2078.264705882353, 799.8823529411765, 1159.4258675078863)
(11, 2000, 15) : (15.6, 15.428571428571429, 147.1796875)
(11, 9000, 15) : (415.51020408163265, 201.82, 565.7249626307922)
(11, 11000, 15) : (671.3777777777777, 305.1333333333333, 668.4761321909425)
(11, 12000, 15) : (749.5, 356.6818181818182, 730.0939597315436)
(11, 7000, 15) : (236.5, 122.45161290322581, 440.78269617706235)
(11, 8000, 15) : (333.8181818181818, 165.53571428571428, 499.8382608695652)
(11, 10000, 15) : (581.530612244898, 249.42857142857142, 615.5269541778976)
(11, 18000, 15) : (1875.025641025641, 817.974358974359, 1264.8907063197025)
(11, 1000, 15) : (6.526315789473684, 6.363636363636363, 105.88235294117646)
(11, 6000, 15) : (130.46808510638297, 92.65853658536585, 369.6038647342995)
(11, 16000, 15) : (2250.6052631578946, 917.9473684210526, 1042.983291562239)
(11, 4000, 15) : (55.1025641025641, 47.666666666666664, 255.88389513108615)
Variating delta.
(11, 10000, 9) : (777.0746268656717, 505.3492063492063, 5421.413705583756)
(11, 10000, 45) : (836.0483870967741, 449.0175438596491, 4653.383618149676)
(11, 10000, 33) : (1010.1014492753624, 556.5454545454545, 4683.871674491393)
(11, 10000, 12) : (740.85, 529.796875, 5447.665975103734)
(11, 10000, 36) : (820.55, 465.7692307692308, 4752.14245014245)
(11, 10000, 3) : (1548.2978723404256, 516.375, 4916.826666666667)
(11, 10000, 21) : (773.1785714285714, 457.47727272727275, 5273.02605459057)
(11, 10000, 27) : (896.4583333333334, 445.1034482758621, 4981.382409177821)
(11, 10000, 42) : (981.375, 568.7735849056604, 4689.649717514124)
(11, 10000, 18) : (762.9516129032259, 491.97435897435895, 5372.87230989957)
(11, 10000, 15) : (905.5833333333334, 455.75409836065575, 5422.4983974358975)
(11, 10000, 39) : (709.2597402597403, 459.37735849056605, 4715.742021276596)
(11, 10000, 0) : (741.9122807017544, 483.90909090909093, 4013.9411764705883)
(11, 10000, 24) : (1049.016129032258, 534.7272727272727, 5142.435675675676)
(11, 10000, 30) : (955.961038961039, 480.6530612244898, 4805.794543904518)
(11, 10000, 6) : (1193.0, 619.25, 5315.452296819788)
(11, 10000, 48) : (887.5428571428571, 546.75, 4587.96802646086)

Server type: NON_BLOCKING
Variating number of clients.
(1, 10000, 15) : (478.0, 430.7142857142857, 764.1428571428571)
(3, 10000, 15) : (621.6666666666666, 518.7333333333333, 809.0588235294117)
(5, 10000, 15) : (704.375, 564.5, 1158.2380952380952)
(7, 10000, 15) : (901.75, 564.5277777777778, 1512.921052631579)
(9, 10000, 15) : (1082.5333333333333, 605.6, 1955.1304347826087)
(11, 10000, 15) : (1158.3191489361702, 603.1489361702128, 2620.9767441860463)
(13, 10000, 15) : (1091.8809523809523, 515.8260869565217, 2510.3055555555557)
(15, 10000, 15) : (1077.546875, 485.77358490566036, 3263.873015873016)
(17, 10000, 15) : (1081.6666666666667, 513.9827586206897, 4286.79104477612)
(19, 10000, 15) : (996.1538461538462, 519.6829268292682, 3254.777777777778)
(21, 10000, 15) : (831.6794871794872, 505.15384615384613, 3914.3815789473683)
(23, 10000, 15) : (936.3714285714286, 474.125, 4794.275)
(25, 10000, 15) : (920.0625, 582.8214285714286, 3900.5102040816328)
(27, 10000, 15) : (1004.551724137931, 515.4313725490196, 4311.2040816326535)
(29, 10000, 15) : (801.9285714285714, 572.0833333333334, 4683.756756756757)
Variating number of elements.
(11, 12000, 15) : (817.0967741935484, 354.05, 954.6839729119639)
(11, 16000, 15) : (1217.5833333333333, 637.1428571428571, 1230.9357262103506)
(11, 13000, 15) : (924.4222222222222, 436.6666666666667, 1023.9028925619834)
(11, 18000, 15) : (1593.0277777777778, 806.25, 1403.74294205052)
(11, 5000, 15) : (193.5, 77.2, 453.8361581920904)
(11, 17000, 15) : (1553.5882352941176, 729.0, 1314.6307086614174)
(11, 1000, 15) : (6.266666666666667, 6.044444444444444, 111.0)
(11, 14000, 15) : (1041.8214285714287, 486.28, 1077.9354527938342)
(11, 2000, 15) : (17.606060606060606, 17.393939393939394, 180.48760330578511)
(11, 6000, 15) : (319.8809523809524, 104.2439024390244, 536.811320754717)
(11, 11000, 15) : (621.1212121212121, 300.3255813953488, 866.3350125944585)
(11, 10000, 15) : (691.1489361702128, 251.5681818181818, 813.7459239130435)
(11, 3000, 15) : (46.627450980392155, 34.55813953488372, 261.5698924731183)
(11, 4000, 15) : (107.71794871794872, 50.214285714285715, 358.7111111111111)
(11, 9000, 15) : (538.9767441860465, 200.71428571428572, 736.4033742331288)
(11, 15000, 15) : (1097.6666666666667, 568.2, 1145.4494180841539)
(11, 8000, 15) : (446.6585365853659, 159.19444444444446, 660.9912126537786)
(11, 7000, 15) : (436.55263157894734, 129.34782608695653, 610.6521739130435)
Variating delta.
(11, 10000, 27) : (888.2307692307693, 760.2727272727273, 5008.493707647628)
(11, 10000, 36) : (1590.75, 668.0392156862745, 4724.365537130498)
(11, 10000, 33) : (1279.7592592592594, 680.5, 4785.274385408406)
(11, 10000, 18) : (1488.7169811320755, 750.7, 5264.134370579915)
(11, 10000, 21) : (1814.6285714285714, 700.5294117647059, 5197.493413173653)
(11, 10000, 24) : (1792.1538461538462, 725.9215686274509, 5094.468152866242)
(11, 10000, 30) : (1397.5344827586207, 665.9777777777778, 4879.416305290546)
(11, 10000, 48) : (1210.2916666666667, 719.8913043478261, 4651.1015538290785)
(11, 10000, 0) : (1898.44776119403, 720.5892857142857, 5374.275362318841)
(11, 10000, 12) : (1875.8039215686274, 770.7608695652174, 5357.326359832636)
(11, 10000, 45) : (1714.9454545454546, 708.42, 4620.708210277614)
(11, 10000, 9) : (1890.9038461538462, 708.0204081632653, 5276.1505376344085)
(11, 10000, 39) : (1595.8, 726.4067796610169, 4673.11780455154)
(11, 10000, 15) : (1712.64, 710.3260869565217, 5387.542071197411)
(11, 10000, 6) : (1718.920634920635, 656.5652173913044, 5333.270072992701)
(11, 10000, 3) : (1912.5714285714287, 685.2962962962963, 5359.418181818181)
(11, 10000, 42) : (1596.9253731343283, 756.5820895522388, 4635.909769757312)